
[Main]
plant			= CartPoleNI_Sim_Plant



[Plant]
num_integration_steps   = 10
delta_t                 = 0.03

delay 			= 0.0
mc 			= 1.05956
mp 			= 0.461056
lp 			= 0.264746
r 			= 0.0185
k2 			= 0.157212
k3 			= 0.065364
Jm 			= 0.00997089
k3_0 			= 0.0315336
